            0            0            0            0            0            0            0            0            0            0            0
            0  -2.3363e-14  -4.4439e-14  -6.1165e-14  -7.1904e-14  -7.5605e-14  -7.1904e-14  -6.1165e-14  -4.4439e-14  -2.3363e-14            0
            0  -4.4439e-14  -8.4529e-14  -1.1634e-13  -1.3677e-13  -1.4381e-13  -1.3677e-13  -1.1634e-13  -8.4529e-14  -4.4439e-14            0
            0  -6.1165e-14  -1.1634e-13  -1.6013e-13  -1.8825e-13  -1.9794e-13  -1.8825e-13  -1.6013e-13  -1.1634e-13  -6.1165e-14            0
            0  -7.1903e-14  -1.3677e-13  -1.8825e-13  -2.2130e-13  -2.3269e-13  -2.2130e-13  -1.8825e-13  -1.3677e-13  -7.1903e-14            0
            0  -7.6620e-14  -1.4482e-13  -1.9895e-13  -2.3370e-13  -2.4567e-13  -2.3370e-13  -1.9895e-13  -1.4482e-13  -7.6620e-14            0
            0   9.4020e-13   8.7127e-13   8.1980e-13   7.8675e-13   7.7536e-13   7.8675e-13   8.1980e-13   8.7127e-13   9.4020e-13            0
            0  -1.0091e-09  -1.0061e-09  -1.0062e-09  -1.0062e-09  -1.0062e-09  -1.0062e-09  -1.0062e-09  -1.0061e-09  -1.0091e-09            0
            0   1.0060e-06   1.0040e-06   1.0040e-06   1.0040e-06   1.0040e-06   1.0040e-06   1.0040e-06   1.0040e-06   1.0060e-06            0
            0  -1.0030e-03  -1.0020e-03  -1.0020e-03  -1.0020e-03  -1.0020e-03  -1.0020e-03  -1.0020e-03  -1.0020e-03  -1.0030e-03            0
   1.0000e+00   1.0000e+00   1.0000e+00   1.0000e+00   1.0000e+00   1.0000e+00   1.0000e+00   1.0000e+00   1.0000e+00   1.0000e+00   1.0000e+00

