        0        0        0        0        0        0        0        0        0        0   1.0000
   0.0006   0.0012   0.0021   0.0031   0.0047   0.0073   0.0118   0.0212   0.0437   0.1060   0.3031
   0.0011   0.0023   0.0038   0.0058   0.0085   0.0125   0.0188   0.0293   0.0476   0.0773   0.1064
   0.0015   0.0032   0.0052   0.0077   0.0110   0.0154   0.0215   0.0297   0.0399   0.0491   0.0451
   0.0018   0.0037   0.0060   0.0088   0.0123   0.0167   0.0222   0.0281   0.0333   0.0343   0.0248
   0.0018   0.0039   0.0062   0.0091   0.0127   0.0171   0.0222   0.0274   0.0310   0.0299   0.0199
   0.0018   0.0037   0.0060   0.0088   0.0123   0.0167   0.0222   0.0281   0.0333   0.0343   0.0248
   0.0015   0.0032   0.0052   0.0077   0.0110   0.0154   0.0215   0.0297   0.0399   0.0491   0.0451
   0.0011   0.0023   0.0038   0.0058   0.0085   0.0125   0.0188   0.0293   0.0476   0.0773   0.1064
   0.0006   0.0012   0.0021   0.0031   0.0047   0.0073   0.0118   0.0212   0.0437   0.1060   0.3031
        0        0        0        0        0        0        0        0        0        0   1.0000

