        0
   0.0102
   0.0202
   0.0302
   0.0402
   0.0502
   0.0602
   0.0702
   0.0802
   0.0902
   0.1002
   0.1102
   0.1202
   0.1302
   0.1402
   0.1502
   0.1601
   0.1701
   0.1801
   0.1901
   0.2001
   0.2101
   0.2201
   0.2301
   0.2401
   0.2501
   0.2601
   0.2701
   0.2801
   0.2901
   0.3001
   0.3101
   0.3201
   0.3301
   0.3401
   0.3501
   0.3601
   0.3701
   0.3801
   0.3901
   0.4001
   0.4101
   0.4201
   0.4301
   0.4401
   0.4501
   0.4601
   0.4701
   0.4801
   0.4901
   0.5001
   0.5101
   0.5201
   0.5301
   0.5401
   0.5501
   0.5601
   0.5701
   0.5801
   0.5900
   0.6000
   0.6100
   0.6200
   0.6300
   0.6400
   0.6500
   0.6600
   0.6700
   0.6800
   0.6900
   0.7000
   0.7100
   0.7200
   0.7300
   0.7400
   0.7500
   0.7600
   0.7700
   0.7800
   0.7900
   0.8000
   0.8100
   0.8200
   0.8300
   0.8400
   0.8500
   0.8600
   0.8700
   0.8800
   0.8900
   0.9000
   0.9100
   0.9200
   0.9300
   0.9400
   0.9500
   0.9600
   0.9700
   0.9800
   0.9900
   1.0000

