        0
   0.0110
   0.0193
   0.0276
   0.0359
   0.0442
   0.0526
   0.0609
   0.0692
   0.0775
   0.0858
   0.0941
   0.1024
   0.1107
   0.1190
   0.1273
   0.1357
   0.1440
   0.1523
   0.1606
   0.1689
   0.1772
   0.1855
   0.1938
   0.2021
   0.2104
   0.2188
   0.2271
   0.2354
   0.2437
   0.2520
   0.2603
   0.2686
   0.2769
   0.2852
   0.2935
   0.3019
   0.3102
   0.3185
   0.3268
   0.3351
   0.3434
   0.3517
   0.3600
   0.3683
   0.3767
   0.3850
   0.3933
   0.4016
   0.4099
   0.4182
   0.4265
   0.4348
   0.4431
   0.4514
   0.4598
   0.4681
   0.4764
   0.4847
   0.4930
   0.5013
   0.5096
   0.5179
   0.5262
   0.5346
   0.5429
   0.5512
   0.5595
   0.5678
   0.5761
   0.5844
   0.5927
   0.6010
   0.6094
   0.6177
   0.6260
   0.6343
   0.6426
   0.6509
   0.6592
   0.6675
   0.6758
   0.6842
   0.6925
   0.7008
   0.7091
   0.7174
   0.7257
   0.7340
   0.7423
   0.7506
   0.7590
   0.7673
   0.7756
   0.7839
   0.7922
   0.8005
   0.8088
   0.8171
   0.8255
   0.8338
   0.8421
   0.8504
   0.8587
   0.8670
   0.8753
   0.8836
   0.8919
   0.9003
   0.9086
   0.9169
   0.9252
   0.9335
   0.9418
   0.9501
   0.9584
   0.9668
   0.9751
   0.9834
   0.9917
   1.0000

