        0
   0.0086
   0.0168
   0.0250
   0.0333
   0.0415
   0.0497
   0.0579
   0.0661
   0.0743
   0.0825
   0.0907
   0.0990
   0.1072
   0.1154
   0.1236
   0.1318
   0.1400
   0.1483
   0.1565
   0.1647
   0.1729
   0.1812
   0.1894
   0.1976
   0.2059
   0.2141
   0.2223
   0.2306
   0.2388
   0.2471
   0.2553
   0.2636
   0.2718
   0.2801
   0.2883
   0.2966
   0.3048
   0.3131
   0.3214
   0.3296
   0.3379
   0.3462
   0.3545
   0.3627
   0.3710
   0.3793
   0.3876
   0.3959
   0.4042
   0.4125
   0.4208
   0.4291
   0.4374
   0.4457
   0.4540
   0.4623
   0.4706
   0.4790
   0.4873
   0.4956
   0.5039
   0.5123
   0.5206
   0.5290
   0.5373
   0.5456
   0.5540
   0.5624
   0.5707
   0.5791
   0.5874
   0.5958
   0.6042
   0.6125
   0.6209
   0.6293
   0.6377
   0.6461
   0.6544
   0.6628
   0.6712
   0.6796
   0.6880
   0.6964
   0.7048
   0.7132
   0.7216
   0.7300
   0.7384
   0.7469
   0.7553
   0.7637
   0.7721
   0.7805
   0.7890
   0.7974
   0.8058
   0.8142
   0.8227
   0.8311
   0.8395
   0.8480
   0.8564
   0.8649
   0.8733
   0.8817
   0.8902
   0.8986
   0.9071
   0.9155
   0.9240
   0.9324
   0.9409
   0.9493
   0.9578
   0.9662
   0.9746
   0.9831
   0.9915
   1.0000

