        0
   0.0099
   0.0197
   0.0296
   0.0394
   0.0493
   0.0592
   0.0690
   0.0789
   0.0887
   0.0986
   0.1085
   0.1183
   0.1282
   0.1381
   0.1479
   0.1578
   0.1677
   0.1776
   0.1874
   0.1973
   0.2072
   0.2171
   0.2270
   0.2369
   0.2468
   0.2567
   0.2666
   0.2765
   0.2864
   0.2963
   0.3062
   0.3161
   0.3261
   0.3360
   0.3459
   0.3559
   0.3658
   0.3758
   0.3857
   0.3957
   0.4056
   0.4156
   0.4255
   0.4355
   0.4455
   0.4555
   0.4655
   0.4754
   0.4854
   0.4954
   0.5054
   0.5154
   0.5255
   0.5355
   0.5455
   0.5555
   0.5655
   0.5756
   0.5856
   0.5957
   0.6057
   0.6158
   0.6258
   0.6359
   0.6459
   0.6560
   0.6661
   0.6761
   0.6862
   0.6963
   0.7064
   0.7165
   0.7266
   0.7367
   0.7468
   0.7569
   0.7670
   0.7771
   0.7872
   0.7973
   0.8074
   0.8175
   0.8277
   0.8378
   0.8479
   0.8581
   0.8682
   0.8783
   0.8885
   0.8986
   0.9087
   0.9189
   0.9290
   0.9391
   0.9493
   0.9594
   0.9696
   0.9797
   0.9899
   1.0000

