        0
   0.0083
   0.0167
   0.0250
   0.0333
   0.0417
   0.0500
   0.0583
   0.0667
   0.0750
   0.0833
   0.0917
   0.1000
   0.1083
   0.1167
   0.1250
   0.1333
   0.1417
   0.1500
   0.1583
   0.1667
   0.1750
   0.1833
   0.1916
   0.2000
   0.2083
   0.2166
   0.2250
   0.2333
   0.2416
   0.2500
   0.2583
   0.2666
   0.2750
   0.2833
   0.2916
   0.3000
   0.3083
   0.3166
   0.3250
   0.3333
   0.3416
   0.3500
   0.3583
   0.3666
   0.3750
   0.3833
   0.3916
   0.4000
   0.4083
   0.4166
   0.4250
   0.4333
   0.4416
   0.4500
   0.4583
   0.4666
   0.4750
   0.4833
   0.4916
   0.5000
   0.5083
   0.5166
   0.5250
   0.5333
   0.5416
   0.5500
   0.5583
   0.5666
   0.5750
   0.5833
   0.5916
   0.6000
   0.6083
   0.6166
   0.6250
   0.6333
   0.6416
   0.6500
   0.6583
   0.6666
   0.6750
   0.6833
   0.6916
   0.7000
   0.7083
   0.7166
   0.7250
   0.7333
   0.7416
   0.7500
   0.7583
   0.7666
   0.7750
   0.7833
   0.7916
   0.8000
   0.8083
   0.8166
   0.8250
   0.8333
   0.8417
   0.8500
   0.8583
   0.8667
   0.8750
   0.8833
   0.8917
   0.9000
   0.9083
   0.9167
   0.9250
   0.9333
   0.9417
   0.9500
   0.9583
   0.9667
   0.9750
   0.9833
   0.9917
   1.0000

