   1.3000e+03   5.8694e-03   1.2667e-05   1.2641e-05   1.2641e-05   1.2641e-05   1.2641e-05   1.2641e-05   1.2641e-05   4.8682e-05   8.0000e+00
   1.3000e+03   5.8694e-03   1.2641e-05   1.2615e-05   1.2615e-05   1.2615e-05   1.2615e-05   1.2615e-05   1.2615e-05   4.8656e-05   8.0000e+00
   1.3000e+03   5.8694e-03   1.2641e-05   1.2615e-05   1.2615e-05   1.2615e-05   1.2615e-05   1.2615e-05   1.2615e-05   4.8656e-05   8.0000e+00
   1.3000e+03   5.8694e-03   1.2641e-05   1.2615e-05   1.2615e-05   1.2615e-05   1.2615e-05   1.2615e-05   1.2615e-05   4.8656e-05   8.0000e+00
   1.3000e+03   5.8694e-03   1.2641e-05   1.2615e-05   1.2615e-05   1.2615e-05   1.2615e-05   1.2615e-05   1.2615e-05   4.8656e-05   8.0000e+00
   1.3000e+03   5.8694e-03   1.2641e-05   1.2615e-05   1.2615e-05   1.2615e-05   1.2615e-05   1.2615e-05   1.2615e-05   4.8656e-05   8.0000e+00
   1.3000e+03   5.8694e-03   1.2641e-05   1.2615e-05   1.2615e-05   1.2615e-05   1.2615e-05   1.2615e-05   1.2615e-05   4.8656e-05   8.0000e+00
   1.3000e+03   5.8694e-03   1.2641e-05   1.2615e-05   1.2615e-05   1.2615e-05   1.2615e-05   1.2615e-05   1.2615e-05   4.8656e-05   8.0000e+00
   1.3000e+03   5.8694e-03   1.2641e-05   1.2615e-05   1.2615e-05   1.2615e-05   1.2615e-05   1.2615e-05   1.2615e-05   4.8656e-05   8.0000e+00
   1.3000e+03   5.8694e-03   1.2667e-05   1.2641e-05   1.2641e-05   1.2641e-05   1.2641e-05   1.2641e-05   1.2641e-05   4.8682e-05   8.0000e+00
   1.3000e+03   1.1726e-02   5.8694e-03   5.8694e-03   5.8694e-03   5.8694e-03   5.8694e-03   5.8694e-03   5.8694e-03   5.8694e-03   8.0000e+00

